3.945137990364555591e-02 1.176799709899820634e+01
1.830351003629301232e+01 8.585724823785266580e+00
1.755458486857213884e+01 4.151051775459466242e+00
9.910080473596560857e-01 1.687050119028597095e+01
8.214942886601599881e+00 2.799907022520922162e+00
1.043351952906677482e+01 1.080682095389740383e+01
2.611736477098156595e+00 1.299732218106275994e+01
1.958457815401989421e+01 3.542738263231588469e+00
1.074381907278038284e+01 3.300228861752851905e-01
8.427430972904133455e+00 7.093543326038092012e+00
1.032392824036583079e+01 5.899436494952803756e+00
1.173834592394915077e+01 1.601143820573489407e+01
1.554052252851114346e+01 4.918523608799652003e+00
1.741834187578241355e+01 1.436006913121899586e+01
2.829781719530464201e+00 1.539238405871761906e+01
1.393759442138624394e+01 8.296399720713763415e+00
1.033350740319938232e+00 7.300469688905211640e+00
1.376639131802180493e+01 1.299674481716696484e+01
1.790105940863750433e+01 6.596153681140206615e+00
7.432668834835105542e+00 1.060024345302345061e+01
2.307071929090649398e+00 4.192802629689107441e-01
5.369673441063048003e+00 1.252956911400187501e+01
7.403473973119371720e+00 1.379333174671469919e+01
1.744411943714640501e+01 1.218156949495946861e+01
4.805192599766227701e+00 3.572248394309549546e+00
1.742144063129835629e+01 1.904795721718701884e+01
1.114732149526234117e+00 2.097446689828661448e+00
6.842574247116806063e+00 1.889931655149034739e+01
1.295078888687363161e+01 1.776107474349031889e+01
1.179449586781629034e+00 5.102319968058783850e+00
4.181306302015659782e+00 5.605405143431325676e+00
4.872882151885571389e-01 1.424702217471089227e+01
7.245486497425237538e+00 1.593702342012480067e+01
1.211954449779364573e+01 9.564468398510150848e+00
9.904433739335900100e+00 1.693430915232497469e+01
1.145067493951856719e+01 2.640116848185005693e+00
1.262472611643238096e+01 5.629597515842307942e+00
1.507473360957074071e+01 1.829630283575874472e+01
1.330058640165206896e+01 3.719794433371650388e+00
4.472327987604673538e+00 8.035650237426983367e+00
