1.954327308912311878e+01 1.170629536678494631e+01 5.000000000000000000e-01
1.904709479834259511e+01 1.164459363457168628e+01 1.000000000000000000e+00
1.920122363096024998e+01 1.136504748905287343e+01 1.500000000000000000e+00
1.917851350390039400e+01 1.108332626332569149e+01 2.000000000000000000e+00
1.868233521311987033e+01 1.102162453111243146e+01 2.500000000000000000e+00
1.868305688685529375e+01 1.049443316247218583e+01 3.000000000000000000e+00
1.828781320131934862e+01 1.094032284461789217e+01 3.500000000000000000e+00
1.828078272865809240e+01 1.015898430039427858e+01 4.000000000000000000e+00
1.777316862449956858e+01 1.088890743016086482e+01 4.500000000000000000e+00
1.754873557747414026e+01 9.759660840240224289e+00 5.000000000000000000e+00
1.650836385582578103e+01 1.054436860287614230e+01 5.500000000000000000e+00
1.573868142024655370e+01 1.000414316341342058e+01 6.000000000000000000e+00
1.524250312946602826e+01 9.942441431200160551e+00 6.500000000000000000e+00
1.474632483868550281e+01 9.880739698986900521e+00 7.000000000000000000e+00
1.453176977965539152e+01 1.037075079385228094e+01 7.500000000000000000e+00
1.403559148887486607e+01 1.030904906163902091e+01 8.000000000000000000e+00
1.353941319809434063e+01 1.024734732942576088e+01 8.500000000000000000e+00
1.573367882483633551e+01 1.201151875198486252e+01 9.000000000000000000e+00
1.457736560588318220e+01 1.188418689254512550e+01 9.500000000000000000e+00
1.469028885513048976e+01 1.098687205224629082e+01 1.000000000000000000e+01
1.419411056434996432e+01 1.092517032003303079e+01 1.050000000000000000e+01
1.369793227356943888e+01 1.086346858781977076e+01 1.100000000000000000e+01
1.320175398278891343e+01 1.080176685560651073e+01 1.150000000000000000e+01
1.318312578690732373e+01 1.128605183280308211e+01 1.200000000000000000e+01
1.249332105938295001e+01 1.065645200057323549e+01 1.250000000000000000e+01
1.247362284759347695e+01 1.198678092634342818e+01 1.300000000000000000e+01
1.140354071592589236e+01 1.147672191333353808e+01 1.350000000000000000e+01
1.206788012427893264e+01 1.221647888184152642e+01 1.400000000000000000e+01
1.106191833157207505e+01 1.192059164504675195e+01 1.450000000000000000e+01
1.115467494952337191e+01 1.290271500881573097e+01 1.500000000000000000e+01
1.065849665874284646e+01 1.284101327660247094e+01 1.550000000000000000e+01
1.016231836796232102e+01 1.277931154438921091e+01 1.600000000000000000e+01
9.598795456885016009e+00 1.320741829719375282e+01 1.650000000000000000e+01
9.102617166104490565e+00 1.314571656498049279e+01 1.700000000000000000e+01
9.160343048499523633e+00 1.287289857531737347e+01 1.750000000000000000e+01
9.105510911182102873e+00 1.257997321613683184e+01 1.800000000000000000e+01
8.609332620401577429e+00 1.251827148392357181e+01 1.850000000000000000e+01
8.550427772344164623e+00 1.199420213337732477e+01 1.900000000000000000e+01
8.438316196642553280e+00 1.241147052017052665e+01 1.950000000000000000e+01
8.336331790213527881e+00 1.182338782654690057e+01 2.000000000000000000e+01
8.343754666588077740e+00 1.244333065045868914e+01 2.050000000000000000e+01
8.261452215468931826e+00 1.178740972270333387e+01 2.100000000000000000e+01
8.300495787658361380e+00 1.249237073658330388e+01 2.150000000000000000e+01
8.249863686648252425e+00 1.178448826304458308e+01 2.200000000000000000e+01
8.291397291585129281e+00 1.250201625845026321e+01 2.250000000000000000e+01
8.247402367693783987e+00 1.178269987297111321e+01 2.300000000000000000e+01
8.290536710452549585e+00 1.250372483625773157e+01 2.350000000000000000e+01
8.247746654485775153e+00 1.178288979122661040e+01 2.400000000000000000e+01
8.290712608949725393e+00 1.250346547109525197e+01 2.450000000000000000e+01
8.247740190814040417e+00 1.178289368134649351e+01 2.500000000000000000e+01
8.290702393304391293e+00 1.250347269398801764e+01 2.550000000000000000e+01
8.247734953117026535e+00 1.178288977049186137e+01 2.600000000000000000e+01
8.290700664297094846e+00 1.250347631428731354e+01 2.650000000000000000e+01
8.247735782392075166e+00 1.178289023684429004e+01 2.700000000000000000e+01
8.290701079768226123e+00 1.250347569277216486e+01 2.750000000000000000e+01
8.247735760878686762e+00 1.178289024168010357e+01 2.800000000000000000e+01
8.290701053288202615e+00 1.250347571424841675e+01 2.850000000000000000e+01
8.247735749272651518e+00 1.178289023283802628e+01 2.900000000000000000e+01
8.290701049620304630e+00 1.250347572221492065e+01 2.950000000000000000e+01
8.247735751236843882e+00 1.178289023396211022e+01 3.000000000000000000e+01
8.290701050586298138e+00 1.250347572074898572e+01 3.050000000000000000e+01
8.247735751171884289e+00 1.178289023396352952e+01 3.100000000000000000e+01
8.290701050518563875e+00 1.250347572080966607e+01 3.150000000000000000e+01
8.247735751146308303e+00 1.178289023394361479e+01 3.200000000000000000e+01
8.290701050510879355e+00 1.250347572082708680e+01 3.250000000000000000e+01
8.247735751150946371e+00 1.178289023394631485e+01 3.300000000000000000e+01
8.290701050513117565e+00 1.250347572082363889e+01 3.350000000000000000e+01
8.247735751150758077e+00 1.178289023394629353e+01 3.400000000000000000e+01
8.290701050512945258e+00 1.250347572082380765e+01 3.450000000000000000e+01
8.247735751150704786e+00 1.178289023394624913e+01 3.500000000000000000e+01
8.290701050512932824e+00 1.250347572082384318e+01 3.550000000000000000e+01
8.247735751150717221e+00 1.178289023394625623e+01 3.600000000000000000e+01
8.290701050512938153e+00 1.250347572082383252e+01 3.650000000000000000e+01
8.247735751150715444e+00 1.178289023394625623e+01 3.700000000000000000e+01
8.290701050512936376e+00 1.250347572082383429e+01 3.750000000000000000e+01
8.247735751150713668e+00 1.178289023394625445e+01 3.800000000000000000e+01
8.290701050512936376e+00 1.250347572082383607e+01 3.850000000000000000e+01
8.247735751150715444e+00 1.178289023394625623e+01 3.900000000000000000e+01
8.290701050512936376e+00 1.250347572082383429e+01 3.950000000000000000e+01
8.247735751150713668e+00 1.178289023394625445e+01 4.000000000000000000e+01
8.290701050512936376e+00 1.250347572082383607e+01 4.050000000000000000e+01
8.247735751150715444e+00 1.178289023394625623e+01 4.100000000000000000e+01
8.290701050512936376e+00 1.250347572082383429e+01 4.150000000000000000e+01
8.247735751150713668e+00 1.178289023394625445e+01 4.200000000000000000e+01
8.290701050512936376e+00 1.250347572082383607e+01 4.250000000000000000e+01
8.247735751150715444e+00 1.178289023394625623e+01 4.300000000000000000e+01
8.290701050512936376e+00 1.250347572082383429e+01 4.350000000000000000e+01
8.247735751150713668e+00 1.178289023394625445e+01 4.400000000000000000e+01
8.290701050512936376e+00 1.250347572082383607e+01 4.450000000000000000e+01
8.247735751150715444e+00 1.178289023394625623e+01 4.500000000000000000e+01
8.290701050512936376e+00 1.250347572082383429e+01 4.550000000000000000e+01
8.247735751150713668e+00 1.178289023394625445e+01 4.600000000000000000e+01
8.290701050512936376e+00 1.250347572082383607e+01 4.650000000000000000e+01
8.247735751150715444e+00 1.178289023394625623e+01 4.700000000000000000e+01
8.290701050512936376e+00 1.250347572082383429e+01 4.750000000000000000e+01
8.247735751150713668e+00 1.178289023394625445e+01 4.800000000000000000e+01
8.290701050512936376e+00 1.250347572082383607e+01 4.850000000000000000e+01
8.247735751150715444e+00 1.178289023394625623e+01 4.900000000000000000e+01
8.290701050512936376e+00 1.250347572082383429e+01 4.950000000000000000e+01
8.247735751150713668e+00 1.178289023394625445e+01 5.000000000000000000e+01
